ALPHA MO COEFFICIENTS                            NI= 0 NR= 1 NRI= 1 NTot=     169 N=    13    13     1     1     1 IType=0
             1             2             3             4             5
      1   9.832319D-01 -2.291510D-01  0.000000D+00 -8.842453D-02  0.000000D+00
      2   9.588382D-02  2.175161D-01  0.000000D+00  8.220214D-02  0.000000D+00
      3   0.000000D+00  0.000000D+00  0.000000D+00  0.000000D+00  5.212898D-01
      4   0.000000D+00  0.000000D+00  3.985305D-01  0.000000D+00  0.000000D+00
      5  -3.537012D-03 -8.348825D-02  0.000000D+00  4.419781D-01  0.000000D+00
      6  -3.801677D-02  7.062638D-01  0.000000D+00  4.049973D-01  0.000000D+00
      7   0.000000D+00  0.000000D+00  0.000000D+00  0.000000D+00  6.321067D-01
      8   0.000000D+00  0.000000D+00  3.697457D-01  0.000000D+00  0.000000D+00
      9   6.793383D-03 -9.344907D-02  0.000000D+00  5.079294D-01  0.000000D+00
     10   2.615695D-03  1.171584D-01  2.338721D-01 -1.308908D-01  0.000000D+00
     11   6.907963D-03  1.907956D-02  1.833124D-01 -1.052165D-01  0.000000D+00
     12   2.615695D-03  1.171584D-01 -2.338721D-01 -1.308908D-01  0.000000D+00
     13   6.907963D-03  1.907956D-02 -1.833124D-01 -1.052165D-01  0.000000D+00
             6             7             8             9            10
      1  -1.092162D-01  0.000000D+00  0.000000D+00  6.846950D-02  0.000000D+00
      2   3.484676D-02  0.000000D+00  0.000000D+00 -9.877131D-02  0.000000D+00
      3   0.000000D+00  0.000000D+00  0.000000D+00  0.000000D+00  1.029274D+00
      4   0.000000D+00 -3.031063D-01 -1.824751D-01  0.000000D+00  0.000000D+00
      5  -2.091860D-01  0.000000D+00  0.000000D+00  2.766654D-01  0.000000D+00
      6   1.045033D+00  0.000000D+00  0.000000D+00 -1.165625D-01  0.000000D+00
      7   0.000000D+00  0.000000D+00  0.000000D+00  0.000000D+00 -9.651881D-01
      8   0.000000D+00 -7.747546D-01 -4.528307D-01  0.000000D+00  0.000000D+00
      9  -4.661432D-01  0.000000D+00  0.000000D+00  3.017807D-01  0.000000D+00
     10  -4.641990D-02  3.614565D-02  9.649924D-01  9.850345D-01  0.000000D+00
     11  -8.631340D-01  1.176729D+00 -6.840068D-01 -4.855179D-01  0.000000D+00
     12  -4.641990D-02 -3.614565D-02 -9.649924D-01  9.850345D-01  0.000000D+00
     13  -8.631340D-01 -1.176729D+00  6.840068D-01 -4.855179D-01  0.000000D+00
            11            12            13
      1   4.519137D-02  0.000000D+00  8.464074D-02
      2  -1.356431D-01  0.000000D+00 -1.641388D+00
      3   0.000000D+00  0.000000D+00  0.000000D+00
      4   0.000000D+00 -1.067046D+00  0.000000D+00
      5  -1.010039D+00  0.000000D+00  1.605217D-01
      6  -1.723898D-01  0.000000D+00  1.993930D+00
      7   0.000000D+00  0.000000D+00  0.000000D+00
      8   0.000000D+00  1.396263D+00  0.000000D+00
      9   1.152742D+00  0.000000D+00 -4.975163D-01
     10   2.604390D-01 -1.374499D-01 -2.872830D-01
     11   9.220066D-02 -5.076736D-01 -3.596440D-01
     12   2.604390D-01  1.374499D-01 -2.872830D-01
     13   9.220066D-02  5.076736D-01 -3.596440D-01